[gd_scene load_steps=12 format=3 uid="uid://dp8v317p6re4c"]

[ext_resource type="PackedScene" uid="uid://ccdx2u26wgqm7" path="res://prefabs/MAIN_Chain/s_chain.tscn" id="1_pq1s3"]
[ext_resource type="Script" path="res://prefabs/MAIN_Chain/chain.gd" id="1_s8say"]

[sub_resource type="AnimationNodeAnimation" id="AnimationNodeAnimation_4o3te"]
animation = &"RESET"

[sub_resource type="AnimationNodeOneShot" id="AnimationNodeOneShot_ci16t"]

[sub_resource type="AnimationNodeAnimation" id="AnimationNodeAnimation_6hour"]
animation = &"Animation"

[sub_resource type="AnimationNodeAnimation" id="AnimationNodeAnimation_gsvnw"]
animation = &"Sequence_ChainExplode"

[sub_resource type="AnimationNodeStateMachineTransition" id="AnimationNodeStateMachineTransition_ve3p3"]
advance_mode = 2

[sub_resource type="AnimationNodeStateMachineTransition" id="AnimationNodeStateMachineTransition_qe7nb"]
switch_mode = 2
advance_mode = 2

[sub_resource type="AnimationNodeStateMachine" id="AnimationNodeStateMachine_60ogt"]
states/Animation/node = SubResource("AnimationNodeAnimation_6hour")
states/Animation/position = Vector2(644, 100)
states/Sequence_ChainExplode/node = SubResource("AnimationNodeAnimation_gsvnw")
states/Sequence_ChainExplode/position = Vector2(410, 100)
states/Start/position = Vector2(209, 100)
transitions = ["Start", "Sequence_ChainExplode", SubResource("AnimationNodeStateMachineTransition_ve3p3"), "Sequence_ChainExplode", "Animation", SubResource("AnimationNodeStateMachineTransition_qe7nb")]
graph_offset = Vector2(-389, -19)

[sub_resource type="AnimationNodeBlendTree" id="AnimationNodeBlendTree_55tm7"]
graph_offset = Vector2(-595.474, 252.162)
nodes/Idle/node = SubResource("AnimationNodeAnimation_4o3te")
nodes/Idle/position = Vector2(-120, 100)
nodes/OneShot/node = SubResource("AnimationNodeOneShot_ci16t")
nodes/OneShot/position = Vector2(120, 160)
nodes/WaitAndExplode/node = SubResource("AnimationNodeStateMachine_60ogt")
nodes/WaitAndExplode/position = Vector2(-140, 260)
nodes/output/position = Vector2(720, 160)
node_connections = [&"OneShot", 0, &"Idle", &"OneShot", 1, &"WaitAndExplode", &"output", 0, &"OneShot"]

[sub_resource type="SphereShape3D" id="SphereShape3D_vtpx4"]
radius = 2.19047

[node name="Chain" type="Area3D"]
script = ExtResource("1_s8say")
link_to_item = true
item_names = PackedStringArray("ItemDynamite")

[node name="ChainModel" parent="." instance=ExtResource("1_pq1s3")]

[node name="Torus_003" parent="ChainModel" index="0"]
transform = Transform3D(0.873247, -0.420558, 0.246112, 0.446675, 0.892723, -0.059387, -0.194735, 0.161792, 0.96742, 5.74028, 400.573, 2.45689)

[node name="Torus_018" parent="ChainModel" index="1"]
transform = Transform3D(0.873247, -0.420558, 0.246112, 0.446675, 0.892723, -0.059387, -0.194735, 0.161792, 0.96742, 6.64686, 402.802, 2.47698)

[node name="FirstChainControl" parent="ChainModel" index="2"]
transform = Transform3D(1, 0, 0, 0, 1, 0, 0, 0, 1, 6.43088, 407.608, 2.54007)

[node name="Torus_075" parent="ChainModel/FirstChainControl" index="0"]
transform = Transform3D(0.873247, -0.420558, 0.246112, 0.446676, 0.892723, -0.059387, -0.194735, 0.161792, 0.967419, 0.999753, -2.52893, -0.0352161)

[node name="Nub" parent="ChainModel/SplitBelow" index="0"]
transform = Transform3D(-0.680606, 0.732548, 0.0122599, -0.732422, -0.679881, -0.0363389, -0.0182847, -0.0337119, 0.999263, -25.9332, 3.44675, -2.59356)

[node name="Torus_001" parent="ChainModel/SplitBelow" index="1"]
transform = Transform3D(0.873247, -0.420558, 0.246112, 0.446675, 0.892723, -0.0593871, -0.194735, 0.161792, 0.96742, -25.7053, 2.70999, -1.03047)

[node name="Torus_002" parent="ChainModel/SplitBelow" index="2"]
transform = Transform3D(0.873247, -0.420558, 0.246112, 0.446675, 0.892723, -0.0593871, -0.194734, 0.161792, 0.96742, -5.2072, -10.2694, 0.299923)

[node name="Torus_004" parent="ChainModel/SplitBelow" index="3"]
transform = Transform3D(0.873247, -0.420558, 0.246112, 0.446675, 0.892723, -0.059387, -0.194735, 0.161792, 0.967419, -25.1158, 0.380524, -0.950096)

[node name="Torus_005" parent="ChainModel/SplitBelow" index="4"]
transform = Transform3D(0.873247, -0.420558, 0.246112, 0.446675, 0.892723, -0.0593871, -0.194735, 0.161792, 0.96742, -24.5673, -1.96362, -0.911372)

[node name="Torus_006" parent="ChainModel/SplitBelow" index="5"]
transform = Transform3D(0.873246, -0.420558, 0.246112, 0.446675, 0.892723, -0.059387, -0.194734, 0.161792, 0.967419, -23.8232, -4.24863, -0.841996)

[node name="Torus_007" parent="ChainModel/SplitBelow" index="6"]
transform = Transform3D(0.873247, -0.420558, 0.246112, 0.446675, 0.892723, -0.0593871, -0.194735, 0.161792, 0.96742, -23.0362, -6.51981, -0.777326)

[node name="Torus_008" parent="ChainModel/SplitBelow" index="7"]
transform = Transform3D(0.873246, -0.420558, 0.246112, 0.446675, 0.892723, -0.059387, -0.194734, 0.161792, 0.96742, -22.1598, -8.7525, -0.668032)

[node name="Torus_009" parent="ChainModel/SplitBelow" index="8"]
transform = Transform3D(0.873247, -0.420558, 0.246112, 0.446675, 0.892723, -0.059387, -0.194734, 0.161792, 0.96742, -21.0635, -10.891, -0.644284)

[node name="Torus_010" parent="ChainModel/SplitBelow" index="9"]
transform = Transform3D(0.873247, -0.420558, 0.246112, 0.446675, 0.892723, -0.0593871, -0.194735, 0.161792, 0.96742, -19.8311, -12.9535, -0.520013)

[node name="Torus_011" parent="ChainModel/SplitBelow" index="10"]
transform = Transform3D(0.873247, -0.420558, 0.246112, 0.446676, 0.892723, -0.059387, -0.194735, 0.161792, 0.967419, -18.2399, -14.7568, -0.507665)

[node name="Torus_012" parent="ChainModel/SplitBelow" index="11"]
transform = Transform3D(0.873247, -0.420558, 0.246112, 0.446675, 0.892723, -0.0593871, -0.194735, 0.161792, 0.96742, -16.3589, -16.2288, -0.28007)

[node name="Torus_013" parent="ChainModel/SplitBelow" index="12"]
transform = Transform3D(0.873247, -0.420558, 0.246112, 0.446675, 0.892723, -0.0593871, -0.194735, 0.161792, 0.96742, -14.1063, -16.9579, -0.2757)

[node name="Torus_014" parent="ChainModel/SplitBelow" index="13"]
transform = Transform3D(0.873247, -0.420558, 0.246112, 0.446675, 0.892723, -0.0593871, -0.194735, 0.161792, 0.96742, -11.7429, -16.9349, -0.0349689)

[node name="Torus_015" parent="ChainModel/SplitBelow" index="14"]
transform = Transform3D(0.873247, -0.420558, 0.246112, 0.446676, 0.892723, -0.0593871, -0.194735, 0.161792, 0.96742, -9.64089, -15.8228, 0.0152724)

[node name="Torus_016" parent="ChainModel/SplitBelow" index="15"]
transform = Transform3D(0.873247, -0.420558, 0.246112, 0.446675, 0.892723, -0.0593871, -0.194735, 0.161792, 0.96742, -7.79107, -14.305, 0.158068)

[node name="Torus_017" parent="ChainModel/SplitBelow" index="16"]
transform = Transform3D(0.873247, -0.420558, 0.246112, 0.446675, 0.892723, -0.059387, -0.194735, 0.161792, 0.967419, -6.41138, -12.3448, 0.146807)

[node name="AnimationTree" type="AnimationTree" parent="."]
root_node = NodePath("../ChainModel")
tree_root = SubResource("AnimationNodeBlendTree_55tm7")
anim_player = NodePath("../ChainModel/AnimationPlayer")
parameters/OneShot/active = false
parameters/OneShot/internal_active = false
parameters/OneShot/request = 0

[node name="CollisionShape3D" type="CollisionShape3D" parent="."]
transform = Transform3D(1, 0, 0, 0, 1, 0, 0, 0, 1, -15.8643, 411.517, 1.2435)
shape = SubResource("SphereShape3D_vtpx4")

[editable path="ChainModel"]
