[gd_scene load_steps=23 format=3 uid="uid://eq1vhbs1qqn3"]

[ext_resource type="PackedScene" uid="uid://dxj6mqao7vyv1" path="res://prefabs/BLOCKOUT_Cave/model_floor/Blockout_Cave_Floor.tscn" id="1_dgxyr"]
[ext_resource type="PackedScene" uid="uid://c2m5x78plefiv" path="res://prefabs/MAIN_Cave/Walls/Cave_Wall.tscn" id="1_eenla"]
[ext_resource type="PackedScene" path="res://prefabs/MAIN_Door_Base/door_base.tscn" id="3_8gru8"]
[ext_resource type="PackedScene" uid="uid://d2prbdiplyfkw" path="res://characters/player/player.tscn" id="3_ht0e7"]
[ext_resource type="PackedScene" uid="uid://bba6fjg537d6d" path="res://prefabs/MAIN_Cave/Main_Environment.tscn" id="4_bpwuy"]
[ext_resource type="PackedScene" uid="uid://cbofi3hbjfyp5" path="res://prefabs/PROTOTYPE_Puzzle_Pulley/item_pulley.tscn" id="6_4002e"]
[ext_resource type="PackedScene" uid="uid://dlde2bfe5hi3a" path="res://prefabs/MAIN_Trees/Tree_Meshes/tree_01.tscn" id="6_swcy7"]
[ext_resource type="PackedScene" uid="uid://c7e8p2pderja6" path="res://prefabs/MAIN_Trees/Tree_Meshes/tree_02.tscn" id="7_oebud"]
[ext_resource type="PackedScene" uid="uid://n8srkrdd01nf" path="res://prefabs/MAIN_Trees/Tree_Meshes/tree_03.tscn" id="8_je3ou"]
[ext_resource type="PackedScene" uid="uid://dcj3aseqgqbrh" path="res://prefabs/MAIN_Trees/Tree_Meshes/tree_04.tscn" id="9_5ji0q"]
[ext_resource type="PackedScene" uid="uid://cv8xhdjr0ltw" path="res://prefabs/MAIN_Trees/Tree_Meshes/tree_05.tscn" id="10_eou5l"]
[ext_resource type="PackedScene" uid="uid://dvxk5dg8ey7y7" path="res://prefabs/MAIN_Vines/Vine_Climb.tscn" id="13_75osr"]
[ext_resource type="PackedScene" uid="uid://dgmid73kxl52v" path="res://prefabs/MAIN_Vines/Vine_01.tscn" id="14_exdvu"]
[ext_resource type="PackedScene" uid="uid://c5xdvkhxw5slw" path="res://prefabs/MAIN_Vines/Vine_02.tscn" id="15_dum0f"]
[ext_resource type="PackedScene" uid="uid://dra8k3tk823up" path="res://prefabs/MAIN_Vines/Vine_03.tscn" id="16_pbov8"]
[ext_resource type="PackedScene" uid="uid://tg1jhxgfsofy" path="res://prefabs/MAIN_Vines/Vine_Over_Handle.tscn" id="17_ugcm0"]
[ext_resource type="PackedScene" path="res://prefabs/MAIN_Balloon/Balloon_Deflated.tscn" id="18_v2u5q"]
[ext_resource type="PackedScene" uid="uid://c1f08mfvckxrh" path="res://prefabs/MAIN_Balloon/Balloon_Key_Anim.tscn" id="19_q3klv"]
[ext_resource type="PackedScene" uid="uid://ccdar8xfugjui" path="res://prefabs/PROTOTYPE_Puzzle_Pulley/env_pulley.tscn" id="19_qi4wh"]

[sub_resource type="FastNoiseLite" id="FastNoiseLite_kknuy"]
frequency = 0.29

[sub_resource type="NoiseTexture3D" id="NoiseTexture3D_i327d"]
noise = SubResource("FastNoiseLite_kknuy")

[sub_resource type="FogMaterial" id="FogMaterial_2mwma"]
density = 0.007
albedo = Color(0.703205, 0.750553, 0.817532, 1)
height_falloff = 1.39625
edge_fade = 16.8896
density_texture = SubResource("NoiseTexture3D_i327d")

[node name="MainScene" type="Node3D"]

[node name="Cave_Wall" parent="." instance=ExtResource("1_eenla")]
transform = Transform3D(0.794191, 0, 0, 0, 0.794191, 0, 0, 0, 0.794191, 0, 0, 0)

[node name="Blockout_Cave_Floor" parent="." instance=ExtResource("1_dgxyr")]
transform = Transform3D(0.794182, -0.00353716, 0.00148136, 0.00353264, 0.794179, 0.00241962, -0.00149211, -0.00241301, 0.794186, 0, 0, 0)

[node name="Player_UI_ItemHold_SubViewport_ItemHoldCam_ItemHoldPos#ItemPulley" parent="." instance=ExtResource("6_4002e")]

[node name="Door_Base" parent="." instance=ExtResource("3_8gru8")]
transform = Transform3D(0.8024, 0, 0, 0, 0.8024, 0, 0, 0, 0.8024, -0.00587463, 0.155527, 0.0125771)

[node name="DirectionalLight3D" type="DirectionalLight3D" parent="."]
transform = Transform3D(-0.963052, -0.262816, -0.0588124, 0.0751703, -0.472012, 0.878381, -0.258613, 0.841506, 0.474328, 43.8251, -22.77, 159.783)
light_color = Color(0.650056, 0.78129, 0.962707, 1)
light_energy = 0.277
light_indirect_energy = 8.273
light_volumetric_fog_energy = 6.818
light_angular_distance = 4.14
shadow_enabled = true
shadow_bias = 0.005
shadow_normal_bias = 4.727
shadow_reverse_cull_face = true
shadow_transmittance_bias = 2.562
shadow_blur = 0.2
directional_shadow_split_1 = 0.015
directional_shadow_split_2 = 0.08
directional_shadow_split_3 = 0.286
directional_shadow_blend_splits = true
directional_shadow_fade_start = 0.697
directional_shadow_max_distance = 445.1
directional_shadow_pancake_size = 1024.0

[node name="WorldEnvironment" parent="." instance=ExtResource("4_bpwuy")]

[node name="FogVolume" type="FogVolume" parent="."]
transform = Transform3D(1, 0, 0, 0, 1, 0, 0, 0, 1, -31.4398, 7.74751, 223.018)
size = Vector3(1000, 182.006, 1000)
material = SubResource("FogMaterial_2mwma")

[node name="OmniLight3D" type="OmniLight3D" parent="."]
transform = Transform3D(1, 0, 0, 0, 1, 0, 0, 0, 1, -10.8972, 289.443, 215.934)
light_color = Color(0.504922, 0.668678, 0.975226, 1)
light_energy = 14.571
light_indirect_energy = 9.076
light_volumetric_fog_energy = 7.095
light_size = 20.0
light_specular = 0.0
omni_range = 419.168

[node name="Tree01" parent="." instance=ExtResource("6_swcy7")]
transform = Transform3D(1, 0, 0, 0, 1, 0, 0, 0, 1, 26.5363, -1.31028, 229.851)

[node name="Tree02" parent="." instance=ExtResource("7_oebud")]
transform = Transform3D(1, 0, 0, 0, 1, 0, 0, 0, 1, 70.6887, -2.80658, 235.282)

[node name="Tree03" parent="." instance=ExtResource("8_je3ou")]
transform = Transform3D(1, 0, 0, 0, 1, 0, 0, 0, 1, 73.7497, -2.7237, 240.758)

[node name="Tree04" parent="." instance=ExtResource("9_5ji0q")]
transform = Transform3D(1, 0, 0, 0, 1, 0, 0, 0, 1, 70.2731, -2.69874, 245.487)

[node name="Tree05" parent="." instance=ExtResource("10_eou5l")]
transform = Transform3D(1, 0, 0, 0, 1, 0, 0, 0, 1, 70.3479, -2.65558, 249.402)

[node name="VineClimb" parent="." instance=ExtResource("13_75osr")]
transform = Transform3D(-1.58585e-07, 0, 3.628, 0, 3.628, 0, -3.628, 0, -1.58585e-07, 10.841, 101.82, -0.761549)

[node name="Vine01_1" parent="." instance=ExtResource("14_exdvu")]
transform = Transform3D(0.0824954, 0.0868428, 0.992801, -0.0071913, 0.996222, -0.0865445, -0.996566, 0, 0.0828083, -50.3187, 230.385, -0.391172)

[node name="Vine01_2" parent="." instance=ExtResource("14_exdvu")]
transform = Transform3D(-0.00630051, 0, -0.99998, 0, 1, 0, -0.99998, 0, 0.00630051, -2.90309, 93.3536, -0.421524)

[node name="Vine02_1" parent="." instance=ExtResource("15_dum0f")]
transform = Transform3D(0.0591844, 0, 0.998247, 0, 1, 0, -0.998247, 0, 0.0591844, 43.6869, 230.375, 0.631248)

[node name="Vine02_2" parent="." instance=ExtResource("15_dum0f")]
transform = Transform3D(0.000174489, 0, 1, 0, 1, 0, -1, 0, 0.000174489, -21.8909, 93.6, -0.249084)

[node name="Vine03_1" parent="." instance=ExtResource("16_pbov8")]
transform = Transform3D(0.457932, -0.0330982, 0.888371, 0.0609281, 0.998125, 0.00578064, -0.886897, 0.0514795, 0.45909, -45.9532, 371.846, 1.15346)

[node name="Vine03_2" parent="." instance=ExtResource("16_pbov8")]
transform = Transform3D(-0.242289, 0.014699, 0.970093, -0.012369, 0.999757, -0.0182378, -0.970125, -0.0164179, -0.242048, 34.3223, 372.269, 1.72812)

[node name="Vine03_3" parent="." instance=ExtResource("16_pbov8")]
transform = Transform3D(-0.242289, 0.014699, 0.970093, -0.012369, 0.999757, -0.0182378, -0.970125, -0.0164179, -0.242048, -18.6519, 238.426, 1.88956)

[node name="VineOverHandle" parent="." instance=ExtResource("17_ugcm0")]
transform = Transform3D(-4.36832e-08, 0.0358763, 0.999356, 1.5682e-09, 0.999356, -0.0358763, -1, 0, -4.37114e-08, 7.0465, 207.037, 0.431233)

[node name="Balloon_Deflated" parent="." instance=ExtResource("18_v2u5q")]
transform = Transform3D(-0.250718, 0, -0.96806, 0, 1, 0, 0.96806, 0, -0.250718, 38.7544, 0.488963, 85.0586)

[node name="EnvPulley" parent="." instance=ExtResource("19_qi4wh")]
transform = Transform3D(1, 0, 0, 0, 1, 0, 0, 0, 1, 2.38875, -0.292004, 104.896)

[node name="Player" parent="." instance=ExtResource("3_ht0e7")]
transform = Transform3D(1, 0, 0, 0, 1, 0, 0, 0, 1, 3.60536, -0.453512, 109.314)

[node name="Balloon_Key_Anim" parent="." instance=ExtResource("19_q3klv")]
transform = Transform3D(1, 0, 0, 0, 1, 0, 0, 0, 1, -11.4016, 0.389378, 15.2508)
